401,1308,528,hand,0,642,0,528
402,1352,722,hand,895,1118,1,625
403,947,471,hand,424,771,0,433
404,1006,389,hand,0,323,0,366
405,987,566,hand,0,986,2,565
406,942,387,hand,370,676,0,363
407,1117,531,hand,37,479,25,512
408,1352,722,hand,0,652,0,667
409,1029,516,hand,612,1029,0,516
410,889,450,hand,267,565,1,448
411,1292,704,hand,659,1106,0,513
412,1352,584,hand,570,930,0,584
413,1199,663,hand,298,897,0,663
414,1024,676,hand,397,962,0,675
415,919,654,hand,731,919,1,546
416,861,354,hand,704,836,0,348
417,1288,722,hand,774,1286,0,722
418,825,397,hand,141,456,0,381
419,1352,592,hand,720,1098,0,561
420,774,320,hand,424,774,0,320
421,759,308,hand,418,666,0,304
422,752,359,hand,1,561,0,359
423,866,332,hand,147,389,0,239
424,925,484,hand,2,696,0,484
425,1061,464,hand,869,1061,0,391
426,831,562,hand,154,498,38,561
427,1049,431,hand,-129,755,0,444
428,1330,674,hand,0,720,0,671
429,842,389,hand,499,837,0,389
430,1173,523,hand,83,596,0,488
431,997,398,hand,0,470,0,398
432,1352,722,hand,415,975,0,641
433,1263,666,hand,593,1044,0,665
434,1175,601,hand,19,1085,0,600
435,985,427,hand,159,630,0,426
436,1257,598,hand,932,1255,0,596
437,1352,722,hand,719,1117,1,721
438,1188,577,hand,0,492,0,530
439,927,411,hand,1,587,0,411
440,997,669,hand,617,996,0,580
441,1280,703,hand,8,1278,0,701
442,1004,445,hand,-19,835,0,444
443,1352,627,hand,298,788,0,543
444,828,643,hand,302,557,49,539
445,1183,722,hand,346,688,0,548
446,1180,722,hand,1,1179,0,722
447,1211,476,hand,923,1208,0,437
448,1092,437,hand,199,609,0,437
449,1056,722,hand,0,562,1,721
450,894,512,hand,-169,549,0,512
451,938,359,hand,100,472,0,311
452,1352,722,hand,409,804,35,671
453,1261,495,hand,1,864,1,500
454,825,622,hand,114,703,0,618
455,972,382,hand,68,410,-26,351
456,1177,515,hand,0,597,0,515
457,1351,534,hand,749,1351,0,533
458,1265,722,hand,576,1234,0,721
459,1057,517,hand,1,440,1,455
460,1352,560,hand,646,1177,0,559
461,1352,683,hand,448,947,0,682
462,780,353,hand,26,342,0,308
463,745,462,hand,312,745,0,442
464,942,461,hand,637,885,0,405
465,984,584,hand,222,623,0,449
466,926,412,hand,663,842,0,386
467,944,517,hand,387,794,0,400
468,1330,722,hand,742,1067,50,610
469,943,481,hand,199,522,0,418
470,1080,582,hand,552,959,0,581
471,1058,565,hand,0,765,0,565
472,914,527,hand,391,909,0,526
473,1352,722,hand,1057,1352,0,717
474,1352,718,hand,354,981,0,712
475,1307,542,hand,522,924,0,397
476,748,289,hand,7,374,0,289
477,1132,722,hand,235,788,0,679
478,1271,582,hand,-121,604,0,582
479,1274,722,hand,569,939,0,470
480,1093,617,hand,75,504,38,540
481,791,579,hand,0,519,0,579
482,1016,401,hand,18,448,0,379
483,1174,560,hand,1,773,0,560
484,1335,631,hand,0,1144,0,629
485,1321,585,hand,621,900,0,584
486,724,441,hand,0,450,0,441
487,974,562,hand,0,719,0,560
488,1264,572,hand,1018,1263,0,570
489,1175,538,hand,0,560,0,537
490,1256,624,hand,494,860,0,507
491,1024,688,hand,402,1024,0,687
492,942,383,hand,610,853,0,309
493,988,652,hand,521,988,0,649
494,1155,629,hand,392,1107,0,628
495,1149,635,hand,513,831,13,521
496,1283,535,hand,389,1039,0,534
497,785,339,hand,388,740,0,337
498,1314,508,hand,3,669,0,508
499,1113,722,hand,0,756,0,722
500,1235,722,hand,124,701,19,617
501,1070,634,hand,656,920,0,545
502,1172,581,hand,1,462,0,577
503,1352,722,hand,937,1352,0,721
504,1056,722,hand,127,1056,0,721
505,922,671,hand,429,818,0,591
506,1211,669,hand,772,1006,0,618
507,1300,722,hand,882,1245,0,546
508,1346,722,hand,812,1191,0,697
509,1327,554,hand,515,890,0,445
510,776,353,hand,0,260,0,304
511,929,592,hand,0,585,0,590
512,1213,722,hand,591,926,46,558
513,1139,443,hand,87,962,0,443
514,1258,722,hand,0,893,0,720
515,1352,586,hand,148,721,0,577
516,771,390,hand,490,737,0,320
517,804,485,hand,336,550,0,392
518,881,343,hand,135,575,0,306
519,1162,722,hand,716,1053,0,720
520,762,384,hand,136,438,0,379
521,900,587,hand,0,303,0,432
522,1352,666,hand,2,1197,0,665
523,1352,722,hand,0,486,0,607
524,889,428,hand,7,885,0,427
525,1205,577,hand,606,1201,0,577
526,795,361,hand,2,607,0,361
527,1073,583,hand,700,1073,0,561
528,756,572,hand,346,617,0,423
529,1241,722,hand,0,478,0,638
530,853,350,hand,44,316,0,276
531,747,370,hand,461,733,0,370
532,1202,722,hand,876,1189,0,517
533,1012,472,hand,273,664,0,472
534,1211,722,hand,747,1080,6,722
535,1352,624,hand,605,1039,0,457
536,963,582,hand,546,878,0,515
537,1026,409,hand,572,907,0,336
538,846,568,hand,0,434,0,556
539,1313,638,hand,450,1032,0,580
540,820,437,hand,1,377,0,436
541,1280,722,hand,4,839,0,722
542,906,439,hand,-70,511,1,439
543,1246,688,hand,0,626,0,688
544,1059,523,hand,692,945,0,521
545,1352,569,hand,558,961,0,522
546,1352,722,hand,874,1352,0,693
547,892,476,hand,0,534,0,475
548,1035,536,hand,0,380,0,431
549,1202,722,hand,667,1027,0,506
550,815,350,hand,485,693,0,322
551,1026,484,hand,4,1008,0,484
552,1038,587,hand,0,460,0,472
553,1352,722,hand,223,720,0,555
554,1352,612,hand,0,1099,0,612
555,1352,589,hand,130,694,0,523
556,1229,524,hand,96,629,7,518
557,1034,444,hand,0,544,0,444
558,1238,608,hand,1,462,0,476
559,937,590,hand,520,765,0,528
560,750,421,hand,313,635,0,325
561,995,550,hand,647,898,0,550
562,1312,629,hand,1055,1311,1,588
563,1352,722,hand,839,1172,34,629
564,817,317,hand,4,579,0,317
565,1142,552,hand,276,1141,0,552
566,802,439,hand,0,456,0,435
567,1233,722,hand,1021,1233,12,623
568,750,564,hand,0,750,0,564
569,896,450,hand,672,840,0,449
570,1241,722,hand,0,471,7,596
571,922,500,hand,0,605,0,500
572,770,340,hand,0,337,0,340
573,1088,461,hand,284,1088,0,461
574,778,516,hand,97,450,15,500
575,918,450,hand,617,918,0,364
576,1171,722,hand,0,548,89,600
577,814,623,hand,490,735,33,456
578,1336,722,hand,665,1015,0,330
579,1270,722,hand,1,664,0,720
580,848,564,hand,177,518,3,495
581,725,466,hand,0,597,0,466
582,1349,722,hand,725,1087,0,453
583,1137,685,hand,714,1064,80,550
584,1212,681,hand,0,655,0,680
585,1001,479,hand,528,808,0,367
586,1279,722,hand,149,605,0,505
587,758,513,hand,142,399,0,314
588,995,522,hand,668,980,0,443
589,1325,722,hand,748,1151,28,628
590,734,406,hand,0,334,0,360
591,1135,484,hand,847,1026,0,418
592,1344,525,hand,244,1192,0,525
593,1352,602,hand,880,1351,0,602
594,1341,722,hand,762,1172,0,721
595,1064,425,hand,737,1064,0,425
596,1192,486,hand,456,1192,0,534
597,736,284,hand,587,696,0,272
598,1081,549,hand,27,733,0,549
599,856,438,hand,201,650,0,438
600,1269,722,hand,0,484,0,619
601,1157,722,hand,316,705,0,509
602,779,391,hand,538,775,0,326
603,1175,722,hand,0,1004,0,712
604,780,296,hand,378,649,0,296
605,1115,610,hand,889,1115,0,479
606,1347,722,hand,524,960,0,722
607,957,634,hand,0,516,0,633
608,1292,722,hand,1,780,0,638
609,1186,479,hand,0,726,0,478
610,784,319,hand,68,463,0,319
611,763,355,hand,569,753,0,353
612,1295,646,hand,1,984,0,646
613,1231,517,hand,1,563,0,516
614,968,648,hand,183,597,7,479
615,1352,722,hand,775,1351,0,718
616,832,365,hand,0,555,0,365
617,1314,722,hand,980,1314,0,721
618,921,474,hand,0,589,0,474
619,1352,722,hand,603,1338,0,638
620,1193,559,hand,860,1193,0,559
621,1320,722,hand,434,1320,0,721
622,1002,582,hand,489,753,66,524
623,921,444,hand,0,492,0,425
624,1352,722,hand,149,709,0,563
625,821,421,hand,168,593,0,421
626,771,317,hand,3,667,0,317
627,1107,674,hand,1,1106,0,673
628,760,288,hand,0,365,0,288
629,897,433,hand,35,439,0,430
630,1270,582,hand,0,878,0,581
631,1050,584,hand,97,1050,0,584
632,873,583,hand,1,496,1,581
633,1009,481,hand,184,651,0,481
634,766,541,hand,1,687,1,541
635,1013,647,hand,617,1013,0,647
636,823,337,hand,351,593,0,330
637,998,533,hand,474,764,0,517
638,1352,585,hand,1035,1352,0,461
639,1204,722,hand,134,583,43,550
640,1306,552,hand,638,1077,0,552
641,1285,517,hand,15,1282,0,516
642,869,330,hand,484,682,0,330
643,1155,572,hand,686,1096,0,540
644,1220,722,hand,577,1179,0,720
645,724,307,hand,197,473,0,263
646,928,397,hand,625,927,0,396
647,1035,713,hand,233,599,60,634
648,773,531,hand,369,646,0,456
649,783,463,hand,262,567,6,387
650,1325,665,hand,972,1325,0,640
651,1349,722,hand,0,585,0,720
652,968,447,hand,685,903,0,444
653,1352,722,hand,332,1087,0,722
654,839,411,hand,8,673,0,428
655,954,401,hand,-220,557,1,400
656,1271,722,hand,882,1271,89,657
657,1312,603,hand,1,1032,0,630
658,1352,633,hand,974,1224,0,607
659,1051,566,hand,382,683,43,542
660,1250,496,hand,0,582,0,473
661,1030,477,hand,791,1030,4,476
662,1144,468,hand,857,1095,0,455
663,829,632,hand,0,410,66,549
664,1205,577,hand,1,631,0,576
665,827,392,hand,361,732,0,392
666,771,330,hand,387,595,0,284
667,908,393,hand,183,485,0,391
668,900,483,hand,573,860,0,450
669,790,476,hand,193,500,6,454
670,844,446,hand,0,583,0,446
671,949,417,hand,1,902,0,417
672,1352,722,hand,388,982,0,569
673,815,426,hand,286,637,0,426
674,1208,722,hand,734,967,68,623
675,1076,566,hand,815,1074,0,566
676,1319,676,hand,97,674,0,634
677,782,571,hand,411,635,0,517
678,730,462,hand,288,728,0,462
679,1352,722,hand,1109,1352,0,559
680,1183,588,hand,496,882,0,520
681,871,355,hand,314,870,0,354
682,976,449,hand,198,546,0,443
683,1065,479,hand,457,1065,0,478
684,879,576,hand,-84,546,0,574
685,952,716,hand,0,606,1,715
686,1030,489,hand,1,632,0,488
687,999,722,hand,293,997,0,722
688,1148,574,hand,798,1128,0,404
689,1198,634,hand,815,1197,0,519
690,1352,722,hand,84,806,0,721
691,1176,501,hand,731,1129,0,500
692,967,412,hand,0,950,0,412
693,758,422,hand,0,287,0,352
694,1061,722,hand,-49,846,0,722
695,1051,528,hand,402,1049,0,526
696,769,336,hand,0,490,0,336
697,1348,563,hand,998,1348,0,563
698,835,334,hand,0,293,0,334
699,973,572,hand,323,717,1,571
700,1148,456,hand,1,548,0,439
701,1163,473,hand,256,742,0,455
702,865,534,hand,0,418,0,478
703,924,352,hand,483,833,0,352
704,1156,719,hand,23,576,21,547
705,1352,644,hand,82,868,0,644
706,1098,722,hand,530,874,1,579
707,1352,722,hand,754,1069,0,587
708,1032,475,hand,698,981,0,474
709,930,528,hand,514,853,11,491
710,1016,417,hand,2,849,0,417
711,1322,609,hand,735,1215,0,609
712,857,428,hand,314,769,0,425
713,1352,722,hand,678,994,0,606
714,1350,716,hand,13,1105,0,674
715,772,511,hand,47,403,9,449
716,1063,610,hand,0,404,0,532
717,1097,438,hand,441,1038,0,438
718,1212,696,hand,488,758,17,566
719,1352,690,hand,819,1254,0,447
720,741,316,hand,387,579,0,255
721,990,528,hand,65,707,0,488
722,1352,552,hand,0,597,0,551
723,878,457,hand,676,855,0,377
724,853,450,hand,0,853,0,450
725,1352,722,hand,360,828,0,676
726,1352,722,hand,739,1072,0,630
727,1352,722,hand,846,1226,0,722
728,1075,605,hand,0,616,2,605
729,908,678,hand,396,907,0,674
730,899,417,hand,4,811,0,417
731,1352,635,hand,304,1211,0,635
732,1266,722,hand,552,1034,0,721
733,895,430,hand,-34,543,0,429
734,1254,722,hand,511,788,0,556
735,1310,542,hand,466,875,0,515
736,1221,722,hand,0,416,41,559
737,1096,494,hand,1,856,0,493
738,1140,467,hand,84,775,0,467
739,1110,722,hand,435,778,1,542
740,1011,394,hand,734,925,0,361
741,1112,722,hand,0,690,0,722
742,1065,637,hand,337,678,22,584
743,1352,554,hand,2,1314,0,552
744,885,377,hand,423,752,0,372
745,1325,562,hand,240,671,0,516
746,1105,471,hand,371,631,0,366
747,1352,643,hand,0,680,0,643
748,1125,511,hand,584,981,0,468
749,1352,722,hand,855,1351,0,719
750,1352,722,hand,-59,654,0,721
751,1263,510,hand,316,713,0,509
752,1352,722,hand,256,1290,0,719
753,1104,722,hand,12,690,0,721
754,910,353,hand,239,545,0,338
755,942,565,hand,3,893,0,565
756,771,569,hand,1,405,0,376
757,1352,722,hand,65,996,0,721
758,888,421,hand,560,738,0,421
759,959,480,hand,0,532,0,480
760,909,636,hand,0,899,0,635
761,1352,659,hand,748,1350,1,659
762,1248,722,hand,568,1059,0,722
763,801,356,hand,0,511,0,355
764,1098,722,hand,1,792,1,722
765,874,491,hand,78,649,0,490
766,927,600,hand,679,915,0,414
767,1352,558,hand,246,706,0,479
768,1053,497,hand,120,500,0,379
769,1176,722,hand,106,748,0,579
770,790,373,hand,276,760,0,373
771,925,596,hand,0,518,0,544
772,1130,722,hand,427,727,0,588
773,1205,628,hand,763,1082,0,406
774,1169,615,hand,603,1008,0,615
775,1281,500,hand,209,1190,0,499
776,1034,469,hand,674,1034,0,467
777,1037,722,hand,674,967,0,527
778,1074,472,hand,225,579,0,396
779,1259,611,hand,72,563,0,456
780,1254,503,hand,831,1219,0,503
781,946,507,hand,407,730,0,502
782,1338,722,hand,1,818,1,704
783,1352,722,hand,200,742,0,569
784,1328,513,hand,0,528,0,513
785,814,459,hand,534,797,11,419
786,846,432,hand,1,631,0,432
787,1262,511,hand,2,1096,0,510
788,756,454,hand,83,573,0,446
789,1352,722,hand,766,1297,0,721
790,1329,722,hand,554,1109,0,719
791,1164,631,hand,2,663,0,626
792,1063,558,hand,720,986,0,503
793,979,465,hand,-23,494,0,464
794,887,386,hand,149,488,0,345
795,1274,722,hand,0,815,0,720
796,1148,492,hand,414,1050,0,492
797,1352,722,hand,4,1051,0,722
798,1290,722,hand,370,1153,0,587
799,877,411,hand,1,644,0,411
800,1352,722,hand,577,903,0,595
801,1174,521,hand,134,622,0,521
802,955,647,hand,0,535,0,647
803,1180,468,hand,308,686,0,414
804,1209,503,hand,353,801,0,503
805,909,438,hand,0,395,0,437
806,899,555,hand,525,765,0,379
807,743,530,hand,318,511,70,380
808,1217,673,hand,434,798,0,671
809,1320,525,hand,146,606,0,438
810,825,434,hand,2,491,0,431
811,885,636,hand,647,885,0,452
812,1297,552,hand,361,1012,0,551
813,944,388,hand,7,465,0,387
814,1038,532,hand,429,979,0,530
815,929,545,hand,0,493,0,544
816,1120,527,hand,796,1120,0,525
817,1009,471,hand,1,805,0,470
818,1180,578,hand,780,1179,0,578
819,943,430,hand,0,740,0,430
820,893,460,hand,1,446,0,456
821,994,514,hand,0,818,0,514
822,839,417,hand,-45,427,1,417
823,1229,722,hand,2,1222,0,721
824,1321,722,hand,715,1212,0,595
825,847,557,hand,601,847,0,437
826,1228,604,hand,827,1228,1,602
827,1110,527,hand,361,685,0,384
828,1352,579,hand,0,504,0,579
829,1192,514,hand,24,714,0,514
830,729,352,hand,393,668,0,352
831,1044,615,hand,440,736,0,526
832,728,397,hand,338,601,0,354
833,829,521,hand,223,480,9,416
834,824,591,hand,0,349,0,414
835,896,377,hand,134,459,0,247
836,987,425,hand,1,836,0,425
837,1352,722,hand,640,1340,0,722
838,1352,603,hand,690,1035,0,602
839,1352,579,hand,123,733,0,537
840,1321,722,hand,0,999,0,722
841,1159,652,hand,837,1159,0,498
842,848,353,hand,637,848,0,352
843,1240,519,hand,559,1160,0,519
844,1296,722,hand,697,1059,0,667
845,1057,448,hand,691,897,0,447
846,1093,517,hand,-5,890,1,531
847,1057,560,hand,651,1029,1,430
848,852,546,hand,2,698,0,544
849,1352,566,hand,1,1051,0,566
850,862,599,hand,542,792,3,398
851,800,401,hand,372,553,0,229
852,1352,722,hand,0,810,0,721
853,1144,578,hand,630,1144,1,578
854,1257,722,hand,828,1158,0,722
855,827,480,hand,0,435,0,479
856,1352,722,hand,768,1253,0,509
857,1352,655,hand,59,1125,0,655
858,887,547,hand,173,573,46,546
859,1352,722,hand,24,1053,0,720
860,853,354,hand,140,477,0,354
861,907,377,hand,29,493,0,376
862,769,350,hand,164,617,1,349
863,1352,722,hand,892,1541,0,721
864,1042,595,hand,1,638,0,594
865,1352,722,hand,1,529,0,641
866,1101,722,hand,0,380,0,520
867,1252,722,hand,102,915,0,670
868,1350,722,hand,791,1227,1,722
869,1352,712,hand,55,968,0,711
870,1097,567,hand,455,823,0,505
871,1352,722,hand,330,1149,1,719
872,1229,519,hand,412,1060,0,518
873,1352,577,hand,567,1122,0,577
874,807,378,hand,194,724,0,378
875,1148,640,hand,725,1056,0,510
876,779,371,hand,344,511,0,311
877,942,400,hand,145,720,0,400
878,1352,679,hand,534,875,1,557
879,780,383,hand,212,717,0,382
880,847,427,hand,330,847,0,427
881,1107,678,hand,0,606,0,629
882,780,315,hand,1,484,0,315
883,967,533,hand,0,377,0,421
884,1102,484,hand,749,1055,0,420
885,829,447,hand,595,820,1,364
886,1059,425,hand,99,558,0,423
887,1216,722,hand,551,879,86,654
888,791,494,hand,532,791,0,493
889,1286,722,hand,678,1041,0,498
890,982,408,hand,109,561,0,408
891,770,460,hand,365,605,0,420
892,928,414,hand,542,921,0,383
893,1240,588,hand,1,626,0,587
894,1107,465,hand,0,337,0,340
895,953,554,hand,1,430,0,461
896,1109,489,hand,44,778,0,489
897,1166,639,hand,572,965,0,558
898,1002,394,hand,1,1001,1,393
899,818,484,hand,561,802,0,484
900,781,348,hand,202,576,0,336
901,1046,603,hand,375,815,0,603
902,1077,460,hand,0,589,0,460
903,1308,722,hand,853,1308,0,719
904,928,418,hand,189,488,0,294
905,857,327,hand,492,743,0,326
906,1232,529,hand,0,586,1,527
907,964,554,hand,0,516,0,553
908,883,580,hand,0,349,71,473
909,1342,722,hand,403,965,0,721
910,1352,665,hand,0,958,0,665
911,1011,610,hand,670,923,0,387
912,768,474,hand,-3,394,1,447
913,1243,722,hand,600,892,0,520
914,938,468,hand,0,530,0,467
915,830,608,hand,126,410,30,401
916,1352,722,hand,260,1193,0,720
917,917,484,hand,1,690,1,483
918,1352,722,hand,1,668,0,722
919,1066,722,hand,645,985,1,674
920,1328,580,hand,144,653,0,547
921,1211,648,hand,0,542,27,612
922,934,647,hand,682,923,61,495
923,1113,653,hand,542,776,0,464
924,972,378,hand,0,403,0,352
925,1352,722,hand,618,1020,0,579
926,881,628,hand,20,370,0,450
927,1304,538,hand,687,1303,0,538
928,1173,528,hand,399,1058,1,527
929,958,490,hand,1,574,0,488
930,814,527,hand,1,398,0,480
931,952,569,hand,586,951,0,569
932,1299,722,hand,1,891,0,721
933,1352,722,hand,1,568,0,659
934,790,452,hand,475,754,0,452
935,1352,720,hand,832,1352,0,720
936,810,558,hand,-1,486,0,510
937,1113,720,hand,815,1110,24,612
938,935,414,hand,617,915,0,245
939,812,588,hand,411,637,72,435
940,1102,638,hand,0,632,0,633
941,1352,625,hand,649,1081,0,624
942,1108,722,hand,717,1107,43,639
943,1352,722,hand,779,1346,0,674
944,1352,610,hand,1,799,0,610
945,1038,575,hand,109,503,0,430
946,1245,690,hand,375,1059,0,688
947,1186,722,hand,1,616,0,722
948,1352,722,hand,915,1261,0,719
949,818,405,hand,643,818,0,389
950,1352,722,hand,1018,1321,33,648
951,1034,722,hand,301,645,68,622
952,1306,722,hand,4,468,0,399
953,1062,722,hand,117,1062,0,719
954,1126,722,hand,492,976,0,694
955,895,342,hand,563,894,0,342
956,1132,471,hand,163,597,0,432
957,804,484,hand,507,804,0,484
958,1333,722,hand,0,776,0,721
959,1256,722,hand,828,1255,0,720
960,785,367,hand,630,785,0,367
961,1142,722,hand,373,944,19,696
962,1183,722,hand,0,410,47,583
963,745,430,hand,103,332,0,256
964,1259,722,hand,179,960,0,721
965,972,439,hand,368,731,0,439
966,1073,425,hand,475,777,0,424
967,1181,722,hand,0,477,0,624
968,932,686,hand,496,867,0,545
969,1238,583,hand,574,1004,0,388
970,1352,642,hand,82,620,0,547
971,1247,685,hand,0,641,1,561
972,920,383,hand,3,331,0,313
973,1031,460,hand,2,1031,0,460
974,776,302,hand,117,656,0,302
975,1044,497,hand,677,940,0,496
976,1287,533,hand,793,1108,0,533
977,1285,722,hand,457,939,0,681
978,833,410,hand,38,400,0,300
979,1344,577,hand,461,984,0,576
980,1256,541,hand,-10,690,1,541
981,961,407,hand,0,385,0,406
982,784,489,hand,427,618,44,400
983,824,516,hand,108,597,0,494
984,1181,547,hand,0,933,0,547
985,1352,722,hand,529,1034,0,584
986,1218,675,hand,843,1074,0,622
987,1038,722,hand,630,1038,0,572
988,1011,692,hand,624,952,0,692
989,875,471,hand,244,663,0,390
990,1352,697,hand,0,729,0,697
991,991,484,hand,333,811,0,483
992,1166,722,hand,0,421,0,467
993,1307,722,hand,149,992,0,722
994,793,569,hand,602,793,30,542
995,949,428,hand,446,949,0,427
996,1104,722,hand,567,932,0,603
997,806,574,hand,108,804,0,572
998,939,623,hand,446,867,0,622
999,790,570,hand,0,352,1,489
1000,783,427,hand,484,665,0,426
1001,1213,683,hand,235,932,0,683
1002,728,351,hand,333,728,0,351
1003,1331,722,hand,1002,1188,0,601
1004,1097,722,hand,0,543,5,721
1005,1054,567,hand,28,462,0,483
1006,797,571,hand,0,305,0,354
1007,1064,442,hand,0,767,0,442
1008,1352,722,hand,0,651,0,590
1009,1067,722,hand,560,1066,0,722
1010,839,481,hand,-21,327,0,441
1011,1346,525,hand,130,1146,0,524
1012,1352,722,hand,172,813,1,721
1013,1124,607,hand,570,1106,0,606
1014,969,532,hand,641,969,0,475
1015,782,405,hand,425,634,0,311
1016,796,556,hand,183,638,0,422
1017,1352,552,hand,1,1070,0,552
1018,1246,523,hand,0,628,0,521
1019,1240,722,hand,806,1030,0,557
1020,989,538,hand,300,683,0,430
1021,1087,674,hand,654,892,25,503
1022,1109,530,hand,1,926,0,530
1023,1153,641,hand,253,776,0,639
1024,1352,722,hand,536,1227,0,721
1025,1312,566,hand,0,623,1,487
1026,1246,722,hand,279,1246,0,720
1027,1321,722,hand,547,919,0,663
1028,938,470,hand,667,937,0,377
1029,810,529,hand,107,436,18,420
1030,1352,573,hand,678,1352,0,573
1031,1343,657,hand,0,576,0,655
1032,915,384,hand,280,601,0,384
1033,1334,722,hand,0,1028,0,721
1034,1185,722,hand,94,933,0,719
1035,1060,452,hand,833,1060,0,402
1036,1136,722,hand,598,1023,0,722
1037,889,474,hand,596,889,0,472
1038,1352,591,hand,750,1128,0,591
1039,1123,705,hand,56,840,0,704
1040,1005,447,hand,124,469,0,369
1041,993,476,hand,0,523,1,474
1042,1056,482,hand,0,1055,0,480
1043,1352,682,hand,368,950,0,586
1044,1128,679,hand,368,907,0,679
1045,1027,598,hand,705,959,0,362
1046,944,465,hand,92,453,0,368
1047,1248,722,hand,0,618,0,658
1048,745,407,hand,119,364,0,297
1049,1098,721,hand,297,772,59,705
1050,1352,722,hand,25,568,0,526
1051,830,479,hand,0,257,10,398
1052,1168,543,hand,129,611,0,488
1053,1068,549,hand,121,604,0,549
1054,1352,722,hand,1,927,0,721
1055,1197,722,hand,847,1054,57,589
1056,841,374,hand,0,310,0,346
1057,1352,563,hand,718,1032,0,560
1058,1352,722,hand,1040,1352,0,721
1059,1352,614,hand,482,925,0,604
1060,914,426,hand,0,771,0,426
1061,933,357,hand,88,379,0,299
1062,864,381,hand,512,805,0,381
1063,989,511,hand,732,941,0,484
1064,903,488,hand,26,484,0,437
1065,770,311,hand,485,649,0,311
1066,1195,672,hand,588,1194,0,670
1067,1184,489,hand,648,942,0,358
1068,1041,435,hand,771,965,0,324
1069,1282,659,hand,404,840,0,658
1070,1185,593,hand,490,891,0,445
1071,1333,679,hand,420,1057,0,662
1072,1286,647,hand,0,484,0,502
1073,988,696,hand,655,988,0,692
1074,1061,686,hand,786,1043,104,570
1075,1145,705,hand,269,701,41,529
1076,887,629,hand,459,755,0,501
1077,741,477,hand,-13,565,0,477
1078,1352,684,hand,-128,710,0,679
1079,1018,506,hand,2,765,0,505
1080,1352,722,hand,720,1352,0,722
1081,733,490,hand,485,663,0,363
1082,879,608,hand,228,570,0,420
1083,946,501,hand,270,655,0,500
1084,1352,600,hand,652,1069,0,494
1085,1322,722,hand,101,867,0,721
1086,795,319,hand,162,616,0,318
1087,1336,718,hand,974,1336,0,715
1088,980,710,hand,389,666,95,512
1089,928,652,hand,421,927,1,650
1090,1352,722,hand,580,865,0,616
1091,957,441,hand,229,856,0,440
1092,762,461,hand,357,621,0,461
1093,754,482,hand,2,399,0,438
1094,1035,629,hand,4,874,0,629
1095,1290,557,hand,487,988,0,555
1096,1194,524,hand,131,771,0,523
1097,935,366,hand,0,541,0,364
1098,1117,521,hand,1,443,0,506
1099,1132,455,hand,13,825,0,454
1100,1183,641,hand,367,904,0,545
1101,1101,479,hand,1,820,0,479
1102,818,316,hand,607,775,0,316
1103,1329,722,hand,58,996,0,722
1104,852,443,hand,329,678,0,443
1105,1352,722,hand,4,1249,0,720
1106,1352,722,hand,0,1280,0,721
1107,772,487,hand,435,772,0,486
1108,1045,547,hand,304,859,0,546
1109,1292,627,hand,2,748,0,603
1110,1186,484,hand,0,760,0,484
1111,913,524,hand,1,913,0,524
1112,1303,668,hand,0,1018,0,668
1113,1352,722,hand,776,1209,0,721
1114,1259,535,hand,0,713,1,535
1115,1294,573,hand,827,1087,0,572
1116,725,276,hand,166,501,0,275
1117,1337,693,hand,790,1214,1,658
1118,903,514,hand,307,724,0,514
1119,1352,531,hand,862,1351,0,528
1120,1105,542,hand,0,446,0,531
1121,1113,653,hand,0,917,1,652
1122,968,413,hand,495,968,0,412
1123,848,626,hand,374,636,89,505
1124,755,376,hand,27,355,0,231
1125,1199,549,hand,525,774,0,414
1126,1171,488,hand,788,1171,0,488
1127,1352,616,hand,402,1172,0,616
1128,949,722,hand,0,352,71,588
1129,1352,623,hand,480,1143,0,623
1130,969,566,hand,651,969,0,566
1131,1073,722,hand,327,646,0,405
1132,1352,575,hand,779,1211,1,568
1133,1216,497,hand,684,942,0,494
1134,1205,684,hand,526,1204,1,684
1135,1349,553,hand,511,1191,0,552
1136,748,394,hand,136,388,0,299
1137,1340,695,hand,143,848,0,694
1138,1276,722,hand,950,1276,0,597
1139,1227,722,hand,536,835,15,652
1140,1170,526,hand,0,745,0,525
1141,1271,722,hand,-82,731,0,721
1142,1152,599,hand,0,714,0,598
1143,902,672,hand,425,902,0,672
1144,1352,585,hand,516,1039,0,508
1145,877,360,hand,488,871,0,359
1146,1254,722,hand,799,1161,0,496
1147,1065,722,hand,0,476,1,689
1148,978,722,hand,568,933,0,721
1149,912,592,hand,235,709,0,563
1150,1352,722,hand,215,653,0,422
1151,1170,613,hand,258,838,0,584
1152,1253,567,hand,114,748,0,566
1153,732,535,hand,161,460,0,431
1154,1327,722,hand,133,616,0,541
1155,879,530,hand,252,481,25,421
1156,745,301,hand,200,571,0,301
1157,1352,722,hand,299,1015,0,722
1158,1078,565,hand,440,754,5,519
1159,965,683,hand,247,649,1,506
1160,1277,679,hand,585,1223,0,678
1161,1037,409,hand,724,1019,0,408
1162,1268,540,hand,0,675,0,540
1163,1352,603,hand,903,1270,0,603
1164,1024,402,hand,1,426,0,308
1165,1338,530,hand,49,663,0,529
1166,1056,585,hand,174,799,0,584
1167,1352,694,hand,1,707,0,694
1168,1352,545,hand,1,874,0,545
1169,735,376,hand,454,735,0,375
1170,1271,722,hand,720,1013,0,698
1171,1121,532,hand,334,680,0,380
1172,1050,575,hand,303,854,0,575
1173,932,625,hand,39,531,0,419
1174,1219,578,hand,283,719,0,577
1175,1228,722,hand,603,1203,0,721
1176,737,373,hand,335,658,0,373
1177,739,395,hand,38,357,0,302
1178,1190,645,hand,772,1170,0,462
1179,803,546,hand,499,802,0,407
1180,1265,722,hand,0,436,0,526
1181,816,317,hand,360,552,0,305
1182,1277,612,hand,571,1193,0,611
1183,1341,722,hand,448,923,1,639
1184,1156,722,hand,0,632,1,721
1185,1231,492,hand,344,734,0,325
1186,1155,722,hand,706,1051,0,571
1187,1273,529,hand,937,1208,0,454
1188,1188,673,hand,627,1075,0,673
1189,1251,514,hand,-144,779,1,513
1190,1331,677,hand,0,576,0,612
1191,1223,698,hand,0,432,35,597
1192,1091,489,hand,56,720,0,488
1193,1067,584,hand,725,1046,0,547
1194,1287,606,hand,289,852,0,496
1195,1255,540,hand,766,1255,0,539
1196,1072,537,hand,322,802,0,518
1197,1010,587,hand,263,882,0,545
1198,1291,620,hand,426,889,0,512
1199,1219,709,hand,0,776,0,709
1200,1352,722,hand,7,1014,1,721
1201,1352,722,hand,1,685,1,721
1202,776,344,hand,187,496,0,344
1203,806,386,hand,0,298,0,369
1204,918,521,hand,0,485,0,520
1205,1320,722,hand,869,1217,0,594
1206,1352,722,hand,782,1136,0,720
1207,1249,699,hand,197,1159,0,699
1208,1352,722,hand,705,1222,0,643
1209,763,358,hand,452,679,0,271
1210,1088,420,hand,248,656,0,420
1211,1189,722,hand,57,565,0,615
1212,971,446,hand,529,824,0,402
1213,1337,621,hand,779,1334,0,620
1214,1212,530,hand,0,380,0,461
1215,1022,428,hand,756,926,0,427
1216,852,601,hand,162,437,11,438
1217,932,634,hand,758,932,37,549
1218,859,364,hand,420,704,0,364
1219,784,317,hand,442,629,0,304
1220,925,599,hand,229,518,80,496
1221,790,428,hand,0,434,0,428
1222,1247,722,hand,903,1183,0,478
1223,1031,514,hand,0,850,0,513
1224,755,299,hand,591,752,0,298
1225,1114,436,hand,367,986,0,436
1226,889,692,hand,0,541,0,561
1227,1134,560,hand,54,1089,0,559
1228,1128,643,hand,271,911,0,642
1229,1318,722,hand,0,563,10,720
1230,942,534,hand,555,813,0,377
1231,1352,722,hand,685,1015,0,569
1232,1173,722,hand,188,755,0,562
1233,934,465,hand,0,337,0,352
1234,1112,688,hand,226,691,0,549
1235,1197,722,hand,143,646,0,439
1236,1305,624,hand,786,1151,0,543
1237,1240,500,hand,0,960,2,499
1238,1054,643,hand,23,477,74,566
1239,752,548,hand,327,521,0,396
1240,1352,722,hand,1,521,27,621
1241,817,405,hand,437,817,0,405
1242,1338,722,hand,766,1300,0,625
1243,1226,551,hand,-92,680,0,550
1244,1352,722,hand,572,1352,0,721
1245,1232,695,hand,143,636,0,475
1246,1352,599,hand,821,1328,0,599
1247,1208,661,hand,314,701,22,661
1248,1279,722,hand,0,953,0,721
1249,1140,528,hand,569,1139,0,524
1250,801,393,hand,309,801,0,392
1251,1257,666,hand,785,1257,1,664
1252,779,467,hand,610,779,0,429
1253,1184,588,hand,700,1046,0,474
1254,1352,722,hand,0,663,0,718
1255,812,372,hand,96,657,0,371
1256,1352,678,hand,0,793,0,678
1257,1142,495,hand,435,1142,0,495
1258,720,363,hand,245,483,0,288
1259,767,306,hand,15,485,0,306
1260,796,336,hand,2,520,0,336
1261,734,305,hand,0,447,0,305
1262,1001,600,hand,198,598,0,468
1263,1093,647,hand,634,1048,0,565
1264,1352,722,hand,0,508,1,611
1265,1065,552,hand,598,1065,0,552
1266,1208,535,hand,0,753,1,534
1267,913,652,hand,534,777,32,531
1268,955,385,hand,112,687,0,385
1269,1230,722,hand,271,989,0,709
1270,750,428,hand,0,571,0,428
1271,825,376,hand,558,743,0,283
1272,1149,657,hand,71,517,0,525
1273,855,524,hand,78,573,0,523
1274,1137,722,hand,741,1083,80,622
1275,832,571,hand,356,634,0,484
1276,1042,417,hand,4,849,0,416
1277,1249,539,hand,68,916,0,539
1278,1352,684,hand,78,828,0,650
1279,816,537,hand,539,786,0,536
1280,1152,602,hand,0,597,0,598
1281,771,481,hand,0,407,0,402
1282,773,517,hand,0,627,0,516
1283,1015,703,hand,463,864,0,611
1284,1221,612,hand,478,916,0,587
1285,1352,722,hand,653,1060,0,652
1286,913,445,hand,149,669,0,445
1287,1346,722,hand,142,1162,0,722
1288,1352,530,hand,1,802,0,530
1289,928,541,hand,19,466,0,523
1290,953,375,hand,163,562,0,374
1291,763,391,hand,474,656,0,385
1292,826,332,hand,484,657,0,330
1293,1280,687,hand,-38,857,1,687
1294,1352,663,hand,1001,1320,0,662
1295,896,524,hand,392,896,0,524
1296,1352,722,hand,646,1341,0,720
1297,1085,611,hand,0,949,0,611
1298,1154,595,hand,32,416,0,377
1299,1352,722,hand,420,1185,0,716
1300,786,409,hand,506,785,0,350
1301,1283,627,hand,316,816,1,607
1302,1258,494,hand,55,784,0,492
1303,993,434,hand,20,871,0,438
1304,962,473,hand,746,961,0,379
1305,1337,643,hand,569,1296,0,642
1306,1121,710,hand,0,857,0,710
1307,1100,471,hand,0,431,0,354
1308,1034,547,hand,0,325,4,475
1309,846,481,hand,399,716,0,380
1310,1206,722,hand,417,1206,0,721
1311,1162,589,hand,370,761,0,589
1312,1094,661,hand,575,781,60,537
1313,1352,722,hand,358,956,0,721
1314,948,458,hand,2,947,1,456
1315,1044,552,hand,93,508,0,493
1316,747,324,hand,140,429,0,290
1317,924,393,hand,393,924,0,393
1318,1055,722,hand,458,847,102,677
1319,760,578,hand,1,430,0,514
1320,924,510,hand,230,666,0,510
1321,1240,722,hand,155,676,0,548
1322,1281,518,hand,0,516,0,452
1323,1040,442,hand,0,353,0,415
1324,888,489,hand,475,888,1,489
1325,1315,548,hand,0,538,0,546
1326,1009,469,hand,429,719,0,469
1327,965,722,hand,114,686,0,669
1328,900,484,hand,375,650,0,471
1329,915,421,hand,406,748,0,338
1330,909,400,hand,0,823,0,400
1331,1047,439,hand,465,736,0,341
1332,865,461,hand,-31,580,0,461
1333,771,436,hand,395,771,0,436
1334,1220,490,hand,942,1220,0,449
1335,1186,705,hand,0,443,0,528
1336,886,595,hand,288,625,0,460
1337,1116,722,hand,0,406,44,524
1338,1352,668,hand,867,1282,0,449
1339,1014,447,hand,-110,463,0,446
1340,1102,532,hand,253,666,0,444
1341,1352,648,hand,914,1239,0,582
1342,916,434,hand,0,345,0,424
1343,987,442,hand,508,886,0,442
1344,1230,722,hand,673,1131,0,698
1345,1082,722,hand,0,405,100,666
1346,877,521,hand,528,876,0,519
1347,1352,722,hand,200,967,0,629
1348,1018,475,hand,265,576,0,398
1349,886,383,hand,123,415,0,335
1350,1239,693,hand,407,1239,0,692
1351,1352,722,hand,16,1269,0,732
1352,1318,722,hand,717,1317,0,720
1353,1352,623,hand,32,1351,3,621
1354,942,447,hand,131,461,0,347
1355,1352,722,hand,0,792,0,720
1356,807,561,hand,105,610,0,504
1357,1157,722,hand,871,1157,0,721
1358,1226,499,hand,1,516,0,498
1359,956,449,hand,0,403,0,448
1360,1120,564,hand,386,756,7,558
1361,943,362,hand,779,943,0,361
1362,968,470,hand,31,414,2,401
1363,1087,722,hand,566,954,0,722
1364,1114,722,hand,699,1113,0,720
1365,1147,594,hand,485,1048,0,465
1366,1073,685,hand,460,759,31,620
1367,1333,722,hand,3,1328,1,722
1368,862,490,hand,398,735,0,423
1369,1277,639,hand,514,1276,0,638
1370,1117,478,hand,290,728,0,478
1371,1316,646,hand,76,719,0,644
1372,1093,722,hand,736,1049,1,569
1373,765,304,hand,431,765,0,304
1374,791,337,hand,386,647,0,330
1375,1352,579,hand,685,1351,0,579
1376,1352,551,hand,1086,1350,0,494
1377,1352,722,hand,0,465,33,681
1378,858,329,hand,277,768,0,328
1379,1272,513,hand,0,586,0,512
1380,951,631,hand,-140,585,0,630
1381,861,537,hand,0,310,0,400
1382,892,567,hand,105,571,0,523
1383,888,508,hand,243,491,0,378
1384,1084,625,hand,171,683,0,615
1385,724,275,hand,2,592,1,275
1386,977,439,hand,162,492,0,342
1387,961,393,hand,315,898,0,393
1388,1202,722,hand,0,712,0,721
1389,1352,722,hand,810,1351,0,722
1390,850,565,hand,14,379,0,349
1391,1290,665,hand,42,497,0,445
1392,1352,717,hand,692,972,0,499
1393,909,408,hand,450,711,1,350
1394,1221,617,hand,0,593,0,614
1395,1300,722,hand,611,1057,0,529
1396,1352,722,hand,241,808,0,659
1397,1271,648,hand,981,1271,0,457
1398,1336,722,hand,997,1336,80,679
1399,839,480,hand,1,462,0,480
1400,748,515,hand,1,633,0,515
1401,1121,466,hand,560,1036,0,465
1402,873,601,hand,542,800,0,568
1403,1147,722,hand,575,1147,0,721
1404,845,478,hand,0,310,0,338
1405,922,364,hand,508,921,0,363
1406,758,354,hand,565,756,0,353
1407,1016,390,hand,0,662,1,389
1408,1096,722,hand,304,860,1,722
1409,940,658,hand,102,500,24,511
1410,758,536,hand,0,540,0,512
1411,1084,722,hand,725,1028,0,430
1412,1282,704,hand,628,1089,0,510
1413,879,647,hand,0,361,1,400
1414,800,399,hand,376,742,0,398
1415,1144,476,hand,662,951,0,405
1416,1352,722,hand,872,1314,1,546
1417,948,453,hand,514,811,0,357
1418,1352,601,hand,912,1352,0,601
1419,1352,545,hand,1,494,0,542
1420,881,671,hand,364,642,3,455
1421,822,363,hand,448,822,0,362
1422,1151,722,hand,1,516,40,542
1423,729,332,hand,301,722,0,332
1424,1063,558,hand,0,405,0,416
1425,816,451,hand,0,354,1,399
1426,1299,687,hand,250,786,0,588
1427,1352,596,hand,0,486,0,596
1428,954,407,hand,272,915,0,407
1429,1231,483,hand,557,1094,0,482
1430,1236,508,hand,869,1168,0,481
1431,1352,722,hand,685,1351,0,721
1432,1352,697,hand,941,1313,0,468
1433,1212,497,hand,2,853,0,496
1434,1040,722,hand,1,465,34,565
1435,1121,722,hand,3,918,0,720
1436,1344,613,hand,78,466,0,408
1437,983,599,hand,753,983,0,470
1438,965,509,hand,27,688,0,509
1439,830,566,hand,0,396,13,507
1440,1043,612,hand,419,696,0,454
1441,1352,722,hand,1010,1351,0,666
1442,954,553,hand,387,676,55,538
1443,1329,516,hand,1,565,0,515
1444,1189,609,hand,226,1189,0,609
1445,1294,722,hand,558,1162,0,721
1446,855,345,hand,246,561,0,304
1447,813,461,hand,2,812,0,481
1448,1255,722,hand,523,893,0,566
1449,1352,593,hand,698,1141,0,564
1450,725,386,hand,1,326,6,378
1451,1033,722,hand,405,844,0,610
1452,1352,722,hand,802,1232,0,722
1453,814,333,hand,57,813,1,332
1454,765,561,hand,597,765,11,463
1455,1352,656,hand,239,840,0,595
1456,998,561,hand,618,939,0,383
1457,872,350,hand,428,723,0,314
1458,1352,617,hand,512,910,0,615
1459,1352,722,hand,18,1352,0,721
1460,1292,557,hand,953,1185,0,557
1461,1058,424,hand,105,525,0,397
1462,851,426,hand,3,563,0,425
1463,973,378,hand,399,973,0,378
1464,1352,590,hand,0,556,0,583
1465,822,512,hand,218,636,1,512
1466,757,335,hand,1,663,0,334
1467,855,417,hand,12,418,0,417
1468,1317,581,hand,750,1227,0,580
1469,966,676,hand,768,966,0,588
1470,1101,443,hand,0,819,0,443
1471,779,458,hand,0,550,0,457
1472,1275,722,hand,542,1044,0,668
1473,1017,515,hand,558,962,0,461
1474,810,407,hand,545,744,21,406
1475,1290,568,hand,833,1200,0,568
1476,1258,673,hand,719,1108,46,591
1477,979,416,hand,662,978,0,416
1478,768,442,hand,0,292,0,362
1479,1054,432,hand,638,916,0,305
1480,1348,546,hand,840,1347,1,577
1481,1175,639,hand,0,611,2,603
1482,1142,722,hand,679,1142,0,722
1483,987,722,hand,479,986,0,715
1484,1114,460,hand,784,998,-1,376
1485,1169,722,hand,552,837,0,499
1486,1057,700,hand,453,704,0,502
1487,1250,504,hand,512,1250,0,504
1488,911,465,hand,1,761,0,465
1489,962,416,hand,277,875,0,415
1490,1352,722,hand,475,843,0,583
1491,1046,674,hand,630,979,0,673
1492,938,365,hand,1,346,0,358
1493,932,516,hand,2,931,0,516
1494,1032,421,hand,0,685,0,420
1495,733,290,hand,192,690,0,290
1496,948,570,hand,0,413,0,423
1497,758,337,hand,454,728,0,337
1498,847,406,hand,160,706,0,406
1499,908,648,hand,536,908,29,539
1500,943,364,hand,0,605,0,363
1501,1215,501,hand,428,1067,0,499
1502,779,496,hand,36,484,0,495
1503,1037,414,hand,810,1036,0,412
1504,887,582,hand,126,485,44,497
1505,1221,722,hand,0,546,0,720
1506,1352,611,hand,287,1254,1,610
1507,1223,566,hand,1,1130,0,565
1508,805,570,hand,0,499,0,570
1509,1083,566,hand,1,576,0,565
1510,741,374,hand,0,287,0,365
1511,987,654,hand,0,372,23,467
1512,795,422,hand,130,600,0,378
1513,1352,722,hand,-200,610,1,718
1514,1352,590,hand,974,1351,0,588
1515,1206,468,hand,492,804,0,467
1516,1352,722,hand,884,1226,10,572
1517,1352,628,hand,573,1142,0,591
1518,1090,722,hand,891,1090,1,479
1519,1171,514,hand,807,1171,0,507
1520,1015,390,hand,-81,448,0,389
1521,1219,497,hand,739,1187,0,497
1522,1174,722,hand,1,749,0,721
1523,974,583,hand,339,760,0,500
1524,721,293,hand,578,721,0,293
1525,1043,512,hand,61,1042,0,512
1526,1102,722,hand,151,586,19,598
1527,1190,695,hand,213,1006,0,694
1528,1212,722,hand,2,518,0,539
1529,796,338,hand,520,780,0,337
1530,1259,511,hand,538,1063,0,511
1531,853,633,hand,402,691,42,506
1532,999,677,hand,143,573,0,539
1533,1008,722,hand,0,600,0,642
1534,1252,656,hand,945,1252,0,654
1535,885,591,hand,456,884,0,591
1536,1234,651,hand,648,1218,0,651
1537,818,315,hand,0,347,0,315
1538,1352,722,hand,-90,890,0,720
1539,945,482,hand,280,628,0,373
1540,807,305,hand,1,267,0,250
1541,789,466,hand,213,495,33,372
1542,831,335,hand,603,830,0,335
1543,964,517,hand,146,860,0,517
1544,1273,670,hand,-14,569,0,669
1545,1078,722,hand,0,499,0,717
1546,829,584,hand,2,635,0,546
1547,902,482,hand,0,442,0,481
1548,948,374,hand,11,914,1,374
1549,1124,439,hand,662,982,0,439
1550,838,469,hand,0,362,1,434
1551,1199,697,hand,584,1029,0,524
1552,1092,680,hand,762,1270,0,679
1553,1307,722,hand,52,580,0,539
1554,1101,601,hand,236,746,0,599
1555,832,412,hand,0,390,0,399
1556,1267,722,hand,733,1266,0,722
1557,1352,722,hand,12,1236,1,722
1558,1352,722,hand,0,674,0,624
1559,1276,509,hand,115,621,0,399
1560,1290,595,hand,703,1165,0,590
1561,921,404,hand,315,630,0,325
1562,1126,467,hand,673,1078,0,467
1563,1156,641,hand,67,1006,0,640
1564,916,426,hand,735,916,0,426
1565,1119,539,hand,191,537,0,383
1566,875,357,hand,-1,541,0,430
1567,1328,722,hand,1019,1328,0,610
1568,730,308,hand,2,403,0,307
1569,1352,688,hand,915,1267,0,688
1570,769,373,hand,359,636,0,299
1571,1352,722,hand,713,1095,55,714
1572,1053,650,hand,0,456,0,456
1573,863,565,hand,0,398,1,450
1574,844,424,hand,580,795,0,301
1575,1239,504,hand,0,480,0,444
1576,1033,481,hand,27,566,0,481
1577,1281,722,hand,1,527,0,722
1578,1172,485,hand,245,663,0,408
1579,824,324,hand,508,756,0,323
1580,1143,722,hand,892,1108,0,624
1581,800,312,hand,175,789,0,311
1582,783,359,hand,0,270,0,286
1583,1119,474,hand,772,1096,0,473
1584,1109,722,hand,4,457,143,647
1585,1218,722,hand,4,635,0,592
1586,789,482,hand,-24,423,0,482
1587,952,710,hand,714,952,0,629
1588,1151,477,hand,555,957,0,475
1589,1111,440,hand,744,1038,0,368
1590,788,501,hand,508,768,0,407
1591,934,356,hand,328,802,0,356
1592,1273,648,hand,569,1044,0,644
1593,1152,722,hand,0,609,0,722
1594,878,346,hand,30,577,0,345
1595,1177,722,hand,856,1161,15,679
1596,1197,528,hand,0,479,0,457
1597,1352,615,hand,0,837,0,615
1598,859,400,hand,49,397,0,288
1599,1210,591,hand,1,564,0,491
1600,1147,701,hand,0,740,0,700
1601,832,365,hand,402,592,0,360
1602,1114,515,hand,1,671,0,515
1603,1352,566,hand,491,1352,0,566
1604,935,585,hand,110,803,0,585
1605,1352,555,hand,488,1041,1,555
1606,753,320,hand,315,648,0,319
1607,1352,722,hand,2,801,0,721
1608,726,370,hand,250,530,0,321
1609,1269,722,hand,513,887,65,650
1610,746,570,hand,447,743,0,570
1611,831,372,hand,520,819,0,372
1612,1301,722,hand,840,1178,0,665
1613,833,337,hand,510,803,0,337
1614,1007,420,hand,673,906,0,353
1615,1248,570,hand,850,1248,0,685
1616,986,688,hand,424,766,0,493
1617,736,458,hand,340,602,0,457
1618,823,486,hand,352,623,19,425
1619,965,410,hand,403,780,0,376
1620,795,428,hand,4,795,1,428
1621,1212,488,hand,-112,582,0,487
1622,1352,532,hand,0,945,0,532
1623,1296,722,hand,230,1019,0,718
1624,1156,460,hand,0,665,1,460
1625,1157,588,hand,778,1157,0,587
1626,1320,722,hand,614,1173,0,531
1627,1113,454,hand,299,770,0,394
1628,1352,544,hand,600,1039,0,488
1629,1274,691,hand,1010,1273,0,649
1630,1205,599,hand,1,641,1,599
1631,996,402,hand,664,975,0,401
1632,739,356,hand,226,512,0,355
1633,1314,613,hand,0,633,0,613
1634,1143,722,hand,0,549,73,631
1635,941,461,hand,187,527,16,432
1636,784,324,hand,0,784,0,324
1637,1352,722,hand,258,1253,0,721
1638,1019,488,hand,631,1019,0,487
1639,794,496,hand,0,532,1,495
1640,730,299,hand,0,680,0,298
1641,1242,722,hand,404,795,0,666
1642,1253,489,hand,0,640,0,489
1643,1352,722,hand,0,436,52,572
1644,732,294,hand,1,493,0,292
1645,888,369,hand,597,886,0,369
1646,1138,639,hand,1,566,0,572
1647,1121,484,hand,119,616,0,460
1648,1297,722,hand,543,871,0,505
1649,977,614,hand,0,322,0,375
1650,755,431,hand,0,280,0,299
1651,1352,722,hand,805,1046,0,529
1652,793,456,hand,0,379,0,456
1653,769,359,hand,0,544,0,359
1654,1090,585,hand,0,553,0,583
1655,1329,722,hand,2,1117,0,722
1656,746,517,hand,0,415,0,517
1657,1308,597,hand,2,812,1,593
1658,1352,602,hand,1,600,0,502
1659,751,502,hand,205,455,63,469
1660,739,297,hand,228,424,0,297
1661,1199,658,hand,99,1100,0,657
1662,886,393,hand,0,430,1,392
1663,1341,722,hand,106,826,8,721
1664,1352,556,hand,841,1231,0,442
1665,1287,538,hand,231,761,1,436
1666,852,332,hand,2,852,0,332
1667,735,306,hand,414,721,0,289
1668,1267,643,hand,524,1266,0,642
1669,791,506,hand,425,747,0,420
1670,1078,722,hand,0,476,35,591
1671,1199,493,hand,271,918,0,491
1672,806,341,hand,0,481,0,341
1673,1322,722,hand,0,459,0,524
1674,969,629,hand,2,579,0,518
1675,1029,722,hand,2,917,0,721
1676,964,659,hand,34,552,0,442
1677,829,428,hand,150,757,0,427
1678,1212,722,hand,868,1212,0,712
1679,911,353,hand,654,911,0,353
1680,1305,521,hand,213,1139,0,521
1681,856,410,hand,560,856,0,409
1682,1274,722,hand,578,1173,0,721
1683,1281,722,hand,185,813,0,643
1684,805,411,hand,-36,397,1,411
1685,1067,449,hand,0,835,0,448
1686,1176,467,hand,1,796,0,467
1687,826,366,hand,127,692,0,366
1688,1120,617,hand,0,549,0,534
1689,1097,463,hand,38,1095,0,463
1690,844,461,hand,43,389,20,421
1691,1352,577,hand,227,995,0,575
1692,1054,610,hand,-10,425,0,576
1693,1352,600,hand,624,949,0,403
1694,1066,493,hand,1,599,0,488
1695,723,361,hand,275,647,0,361
1696,1259,711,hand,0,564,0,644
1697,777,357,hand,1,699,0,357
1698,1337,575,hand,5,1319,0,570
1699,1175,653,hand,138,764,0,653
1700,1138,722,hand,224,615,0,527
1701,972,447,hand,0,658,0,446
1702,815,620,hand,528,815,0,616
1703,961,710,hand,0,590,1,685
1704,811,420,hand,3,438,0,402
1705,946,664,hand,450,946,0,663
1706,943,659,hand,0,514,1,591
1707,800,463,hand,541,683,0,359
1708,852,501,hand,0,485,0,477
1709,1352,660,hand,685,1041,0,489
1710,1298,722,hand,423,1295,0,722
1711,1000,473,hand,0,373,0,451
1712,741,352,hand,0,323,0,297
1713,927,368,hand,4,628,0,367
1714,902,475,hand,0,484,0,475
1715,1352,617,hand,269,798,0,615
1716,774,512,hand,410,624,75,418
1717,1154,688,hand,367,927,0,681
1718,1223,493,hand,447,812,0,398
1719,1025,415,hand,598,851,0,414
1720,796,317,hand,51,479,0,272
1721,1352,685,hand,269,1070,0,685
1722,1186,598,hand,688,1041,0,403
1723,1293,699,hand,974,1292,0,512
1724,781,328,hand,0,780,0,328
1725,804,475,hand,0,393,0,474
1726,1107,701,hand,655,1107,0,700
1727,730,340,hand,377,517,0,197
1728,833,488,hand,0,365,0,392
1729,971,539,hand,52,427,0,403
1730,1352,635,hand,127,1099,1,635
1731,856,479,hand,0,571,0,478
1732,1238,507,hand,712,1237,0,507
1733,1140,508,hand,314,832,0,507
1734,1098,524,hand,857,1098,0,416
1735,929,566,hand,0,343,0,401
1736,862,331,hand,248,505,0,244
1737,859,646,hand,526,794,55,549
1738,1028,690,hand,623,1028,0,677
1739,1253,580,hand,959,1253,0,444
1740,1019,713,hand,0,377,122,625
1741,1208,484,hand,665,1053,0,483
1742,1029,722,hand,1,700,0,721
1743,873,401,hand,268,757,0,401
1744,1352,722,hand,962,1352,0,692
1745,1338,593,hand,97,928,0,593
1746,840,489,hand,1,379,0,480
1747,1224,636,hand,31,1202,0,636
1748,1004,649,hand,0,376,40,547
1749,1073,722,hand,274,1052,0,648
1750,959,453,hand,445,723,0,266
1751,946,521,hand,346,782,0,519
1752,1203,514,hand,413,812,0,513
1753,1090,539,hand,121,662,0,488
1754,1268,573,hand,592,908,0,573
1755,1228,609,hand,0,856,0,609
1756,974,719,hand,120,974,0,718
1757,1106,722,hand,261,739,0,702
1758,1122,566,hand,691,1076,0,374
1759,1352,650,hand,0,564,1,649
1760,1196,722,hand,284,1072,0,720
1761,1352,593,hand,352,877,0,570
1762,749,312,hand,0,607,0,312
1763,1080,460,hand,459,1080,0,465
1764,1148,722,hand,685,971,28,541
1765,1131,567,hand,246,969,0,565
1766,1142,618,hand,127,777,0,614
1767,1165,523,hand,552,1164,1,523
1768,1067,447,hand,138,677,0,446
1769,1352,722,hand,0,932,0,722
1770,1180,722,hand,730,1149,0,643
1771,1305,722,hand,29,1304,0,721
1772,1180,495,hand,151,704,0,493
1773,1031,408,hand,10,1027,0,408
1774,873,628,hand,0,619,38,625
1775,1192,722,hand,124,524,0,441
1776,1063,434,hand,1,805,0,433
1777,1060,722,hand,303,788,0,551
1778,1181,610,hand,565,1179,0,610
1779,1172,555,hand,779,1172,0,554
1780,764,396,hand,150,524,0,396
1781,959,522,hand,668,937,0,520
1782,763,327,hand,0,292,0,249
1783,954,390,hand,678,954,0,390
1784,868,342,hand,521,790,0,342
1785,1282,722,hand,829,1282,0,721
1786,1183,623,hand,209,677,0,480
1787,1347,612,hand,207,587,0,399
1788,1209,722,hand,364,848,1,589
1789,878,343,hand,44,529,0,342
1790,1352,722,hand,0,520,0,583
1791,1078,451,hand,40,567,0,451
1792,1352,639,hand,663,1101,0,562
1793,725,295,hand,0,470,0,295
1794,1157,595,hand,0,669,0,595
1795,799,380,hand,433,649,0,378
1796,1094,722,hand,147,549,28,584
1797,762,337,hand,407,581,0,337
1798,1196,486,hand,734,1106,0,449
1799,1082,722,hand,630,1017,0,548
1800,1078,561,hand,320,703,0,425
1801,922,678,hand,278,604,94,525
1802,806,399,hand,408,789,0,399
1803,922,474,hand,5,431,15,473
1804,1241,722,hand,842,1172,0,638
1805,1352,722,hand,137,692,0,489
1806,1040,682,hand,181,650,0,526
1807,814,327,hand,670,814,0,326
1808,945,486,hand,0,469,0,485
1809,1097,572,hand,669,1061,0,468
1810,964,681,hand,0,433,0,580
1811,1199,462,hand,-220,710,0,462
1812,1017,408,hand,610,937,0,408
1813,766,566,hand,203,551,29,492
1814,905,629,hand,107,523,0,407
1815,1096,463,hand,653,985,0,320
1816,1236,498,hand,523,958,0,497
1817,1352,566,hand,1,1081,0,565
1818,1315,722,hand,2,866,0,649
1819,1182,465,hand,133,541,0,370
1820,1111,540,hand,0,578,0,540
1821,826,635,hand,498,695,0,484
1822,1278,722,hand,550,948,0,529
1823,1032,722,hand,0,596,0,627
1824,1032,655,hand,459,881,0,653
1825,779,393,hand,495,666,0,334
1826,1352,714,hand,496,1352,0,714
1827,856,347,hand,592,856,0,329
1828,1034,722,hand,145,620,51,609
1829,1030,419,hand,809,1029,0,310
1830,1282,582,hand,39,781,0,582
1831,1352,722,hand,177,1004,0,720
1832,1224,649,hand,0,507,0,507
1833,1237,586,hand,605,1000,0,473
1834,871,640,hand,0,321,40,433
1835,1301,546,hand,651,1296,0,544
1836,986,492,hand,180,572,0,429
1837,1220,722,hand,368,805,45,715
1838,814,354,hand,544,814,0,353
1839,1346,601,hand,1,702,0,601
1840,821,452,hand,417,602,0,397
1841,1309,580,hand,1,573,0,498
1842,873,448,hand,552,773,6,428
1843,1050,632,hand,419,822,0,632
1844,1352,537,hand,681,1350,0,537
1845,911,525,hand,551,911,0,525
1846,841,329,hand,0,568,0,327
1847,821,405,hand,0,348,0,304
1848,1352,617,hand,767,1031,0,616
1849,1347,534,hand,320,1008,0,534
1850,772,368,hand,150,478,0,319
1851,1059,412,hand,6,795,0,411
1852,820,403,hand,1,820,0,400
1853,1052,722,hand,0,1039,1,720
1854,825,522,hand,632,825,0,387
1855,873,345,hand,294,634,0,344
1856,1199,722,hand,0,613,0,596
1857,1352,661,hand,0,789,0,661
1858,749,478,hand,112,409,0,320
1859,731,471,hand,0,504,0,470
1860,816,481,hand,637,815,0,481
1861,1063,566,hand,0,414,0,447
1862,1158,722,hand,373,1156,0,719
1863,1282,693,hand,669,998,0,445
1864,764,412,hand,0,571,0,412
1865,816,498,hand,0,360,0,449
1866,926,634,hand,521,721,75,518
1867,1238,520,hand,940,1258,0,519
1868,1334,540,hand,949,1241,0,526
1869,1032,631,hand,0,742,0,630
1870,1019,426,hand,740,1019,0,315
1871,1008,544,hand,382,805,0,543
1872,1352,722,hand,1,652,0,700
1873,983,451,hand,592,983,0,450
1874,1148,563,hand,320,784,0,562
1875,925,394,hand,611,924,0,394
1876,1352,568,hand,1,666,0,568
1877,1352,722,hand,99,789,0,722
1878,830,360,hand,0,425,0,360
1879,1321,722,hand,609,1003,0,611
1880,1263,722,hand,674,979,0,457
1881,1352,722,hand,827,1302,0,722
1882,1249,538,hand,619,1079,0,537
1883,1058,568,hand,-41,570,0,568
1884,987,434,hand,0,509,0,426
1885,1005,407,hand,588,1005,0,406
1886,726,356,hand,0,537,0,356
1887,1352,565,hand,853,1351,0,564
1888,1352,722,hand,1051,1351,0,721
1889,909,497,hand,449,640,31,465
1890,1047,722,hand,725,1047,0,451
1891,851,403,hand,105,412,0,348
1892,1123,577,hand,550,891,0,431
1893,860,628,hand,164,791,0,626
1894,1352,722,hand,114,695,0,588
1895,1082,722,hand,326,843,0,720
1896,936,709,hand,0,414,1,644
1897,871,583,hand,362,840,0,583
1898,809,375,hand,438,784,0,375
1899,1257,535,hand,-53,958,0,551
1900,1056,469,hand,707,1030,0,468
1901,1188,504,hand,1,1026,0,503
1902,964,441,hand,1,493,0,439
1903,902,402,hand,7,679,0,400
1904,892,469,hand,668,892,0,469
1905,1250,722,hand,422,858,0,470
1906,905,388,hand,170,492,0,388
1907,980,660,hand,77,812,0,657
1908,1257,570,hand,395,723,0,475
1909,1295,617,hand,705,1294,0,617
1910,856,375,hand,0,510,0,374
1911,1312,722,hand,-132,680,1,721
1912,854,361,hand,0,275,0,361
1913,913,644,hand,0,558,1,643
1914,1298,569,hand,796,1139,0,481
1915,782,460,hand,0,483,0,459
1916,792,584,hand,0,309,1,507
1917,1204,722,hand,0,858,0,722
1918,815,434,hand,455,815,0,433
1919,988,417,hand,155,778,0,416
1920,1245,722,hand,290,762,0,601
1921,889,491,hand,602,856,0,364
1922,923,643,hand,437,681,0,499
1923,1294,554,hand,253,889,0,550
1924,1342,722,hand,748,1268,0,722
1925,781,390,hand,338,572,0,377
1926,794,351,hand,0,319,0,349
1927,845,540,hand,458,678,5,467
1928,1127,588,hand,580,915,0,587
1929,1352,722,hand,0,429,0,528
1930,956,553,hand,0,360,0,491
1931,812,369,hand,606,812,0,367
1932,1226,491,hand,64,582,0,477
1933,827,391,hand,550,827,0,351
1934,978,473,hand,370,637,0,357
1935,832,451,hand,397,680,0,428
1936,1257,610,hand,862,1176,0,527
1937,1352,557,hand,2,1351,0,556
1938,747,364,hand,235,601,0,364
1939,1352,722,hand,6,880,0,721
1940,913,371,hand,43,387,0,325
1941,791,470,hand,1,439,0,469
1942,1202,684,hand,734,993,0,466
1943,899,357,hand,640,885,0,304
1944,1352,722,hand,1,841,1,721
1945,1241,722,hand,533,934,1,546
1946,834,513,hand,620,834,0,471
1947,810,442,hand,251,593,0,388
1948,1015,474,hand,795,1001,0,472
1949,1352,636,hand,945,1352,1,635
1950,930,605,hand,82,486,59,532
1951,1055,619,hand,315,785,0,567
1952,1171,722,hand,155,704,0,544
1953,1240,484,hand,528,916,0,484
1954,1352,722,hand,478,888,0,671
1955,956,565,hand,0,607,0,565
1956,910,511,hand,579,883,0,509
1957,837,337,hand,0,587,0,337
1958,1285,614,hand,403,935,0,610
1959,941,461,hand,147,941,0,461
1960,1288,722,hand,1,648,0,721
1961,846,321,hand,501,846,0,320
1962,773,296,hand,513,654,0,295
1963,1102,705,hand,795,1018,1,523
1964,969,496,hand,0,311,0,358
1965,1352,722,hand,219,719,0,667
1966,1287,722,hand,921,1235,0,588
1967,1256,604,hand,946,1199,0,545
1968,890,523,hand,14,428,4,475
1969,1296,722,hand,0,831,0,721
1970,1094,722,hand,1,657,0,699
1971,1167,524,hand,65,645,0,512
1972,1352,722,hand,398,881,3,600
1973,1148,722,hand,555,1103,0,694
1974,763,306,hand,518,737,0,306
1975,870,375,hand,36,506,0,374
1976,842,369,hand,1,533,0,368
1977,1156,665,hand,422,802,0,610
1978,1264,722,hand,1,663,0,719
1979,1352,722,hand,0,844,0,721
1980,1072,658,hand,0,488,9,649
1981,1093,553,hand,1,1078,0,551
1982,1259,722,hand,456,922,1,534
1983,1352,722,hand,1,857,0,700
1984,796,542,hand,0,666,0,540
1985,1286,722,hand,0,862,1,721
1986,807,563,hand,3,807,0,563
1987,873,568,hand,199,598,0,383
1988,905,684,hand,621,905,0,683
1989,722,397,hand,428,597,0,245
1990,989,425,hand,571,938,0,425
1991,1087,450,hand,57,911,1,450
1992,1267,722,hand,0,508,0,720
1993,1352,578,hand,220,690,0,538
1994,996,673,hand,750,995,47,510
1995,968,552,hand,239,577,54,505
1996,1352,722,hand,137,864,0,521
1997,964,401,hand,108,897,0,400
1998,1352,617,hand,892,1180,0,615
1999,1260,722,hand,0,844,0,722
2000,1075,722,hand,740,1068,0,456
